% This file contains a brief summary of the land-surface average results 
% produced by the Berkeley Averaging method.  Temperatures are in 
% Celsius and reported as anomalies relative to the Jan 1951-Dec 1980
% average. Uncertainties represent the 95% confidence interval for 
% statistical and spatial undersampling effects.
% 
% The current dataset presented here is described as: 
% 
%   Estimated Global Land-Surface TAVG based on the Complete Berkeley Dataset
% 
% 
% This analysis was run on 07-Feb-2022 15:32:40
% 
% Results are based on 50590 time series 
%   with 20945177 data points
% 
% Estimated Jan 1951-Dec 1980 absolute temperature (C): 8.60 +/- 0.06
% 
% 
% 
% Year, Annual Anomaly, Annual Unc., Five-year Anomaly, Five-year Unc.
 
  1750      -1.220          NaN              NaN             NaN
  1751      -1.311          NaN              NaN             NaN
  1753      -0.955        1.005              NaN             NaN
  1754      -0.379        0.934              NaN             NaN
  1755      -0.698        0.980           -0.553           0.608
  1756      -0.421        1.596           -0.831           0.586
  1757      -0.310        0.896           -1.024           0.612
  1758      -2.345        1.366           -1.347           0.882
  1759      -1.343        2.036           -1.422           1.298
  1760      -2.315        2.007           -1.538           1.668
  1761      -0.794        1.633           -1.447           1.928
  1762      -0.892        1.965           -1.311           1.707
  1763      -1.888        2.561           -0.937           1.415
  1764      -0.665        1.126           -0.869           1.307
  1765      -0.445        1.050           -0.807           0.871
  1766      -0.454        1.197           -0.822           0.566
  1767      -0.582        1.124           -0.891           0.509
  1768      -1.965        0.882           -1.003           0.558
  1769      -1.009        1.198           -1.120           0.663
  1770      -1.003        0.958           -1.110           0.581
  1771      -1.040        0.830           -0.788           0.588
  1772      -0.534        0.909           -0.573           0.598
  1773      -0.355        0.860           -0.350           0.539
  1774       0.065        1.373           -0.332           0.483
  1775       0.113        0.946           -0.420           0.503
  1776      -0.948        0.841           -0.499           0.444
  1777      -0.974        0.991           -0.578           0.498
  1778      -0.753        1.131           -0.553           0.489
  1779      -0.327        1.260           -0.463           0.534
  1780       0.236        2.597           -0.404           0.517
  1781      -0.500        1.016           -0.433           0.625
  1782      -0.677        1.006           -0.506           0.734
  1783      -0.897        0.876           -0.736           0.531
  1784      -0.693        1.689           -0.753           0.806
  1785      -0.911        1.571           -0.722           0.931
  1786      -0.587        1.290           -0.611           1.071
  1787      -0.519        1.062           -0.514           0.873
  1788      -0.346        0.786           -0.428           0.604
  1789      -0.205        0.807           -0.344           0.428
  1790      -0.485        0.618           -0.319           0.376
  1791      -0.168        0.864           -0.300           0.472
  1792      -0.394        0.779           -0.237           0.628
  1793      -0.248        0.845           -0.095           0.567
  1794       0.112        0.979           -0.089           0.491
  1795       0.222        0.882            0.006           0.506
  1796      -0.139        1.091            0.062           0.525
  1797       0.083        0.934           -0.052           0.627
  1798       0.031        0.979           -0.163           0.606
  1799      -0.457        1.199           -0.068           0.575
  1800      -0.336        0.766           -0.049           0.686
  1801       0.339        0.867           -0.052           0.814
  1802       0.176        0.861            0.057           0.819
  1803       0.014        1.095            0.124           0.775
  1804       0.089        1.155            0.039           0.756
  1805       0.001        0.711           -0.079           0.741
  1806      -0.084        0.814           -0.287           0.718
  1807      -0.418        0.772           -0.591           0.739
  1808      -1.026        1.236           -0.899           0.928
  1809      -1.431        1.276           -1.195           0.948
  1810      -1.537        1.557           -1.393           0.972
  1811      -1.563        0.997           -1.353           0.793
  1812      -1.407        1.079           -1.251           0.626
  1813      -0.829        0.786           -1.213           0.461
  1814      -0.921        0.758           -1.236           0.451
  1815      -1.347        0.681           -1.240           0.544
  1816      -1.676        1.009           -1.143           0.515
  1817      -1.429        1.033           -1.201           0.584
  1818      -0.343        0.942           -1.108           0.569
  1819      -1.208        0.688           -0.908           0.515
  1820      -0.881        0.509           -0.744           0.423
  1821      -0.677        0.834           -0.856           0.453
  1822      -0.611        0.804           -0.670           0.514
  1823      -0.900        0.675           -0.590           0.576
  1824      -0.281        0.807           -0.518           0.504
  1825      -0.481        0.612           -0.385           0.466
  1826      -0.318        0.510           -0.327           0.457
  1827       0.058        0.595           -0.434           0.465
  1828      -0.614        0.641           -0.365           0.497
  1829      -0.816        0.660           -0.499           0.506
  1830      -0.135        0.762           -0.747           0.504
  1831      -0.988        0.703           -0.746           0.488
  1832      -1.179        0.581           -0.682           0.474
  1833      -0.611        0.555           -0.905           0.436
  1834      -0.496        0.505           -0.904           0.437
  1835      -1.251        0.602           -0.930           0.483
  1836      -0.980        0.564           -1.045           0.500
  1837      -1.310        0.820           -1.139           0.551
  1838      -1.188        0.577           -1.071           0.527
  1839      -0.968        0.692           -1.095           0.551
  1840      -0.909        0.569           -0.975           0.515
  1841      -1.099        0.660           -0.846           0.516
  1842      -0.709        0.602           -0.866           0.500
  1843      -0.546        0.534           -0.869           0.514
  1844      -1.066        0.554           -0.675           0.428
  1845      -0.926        0.613           -0.656           0.386
  1846      -0.128        0.391           -0.688           0.352
  1847      -0.616        0.445           -0.617           0.314
  1848      -0.702        0.451           -0.598           0.276
  1849      -0.713        0.389           -0.682           0.299
  1850      -0.830        0.361           -0.689           0.305
  1851      -0.547        0.457           -0.681           0.303
  1852      -0.654        0.367           -0.632           0.274
  1853      -0.660        0.441           -0.573           0.261
  1854      -0.469        0.335           -0.593           0.230
  1855      -0.538        0.398           -0.640           0.258
  1856      -0.642        0.383           -0.606           0.252
  1857      -0.892        0.405           -0.574           0.232
  1858      -0.491        0.308           -0.608           0.205
  1859      -0.308        0.268           -0.633           0.160
  1860      -0.709        0.254           -0.682           0.137
  1861      -0.764        0.273           -0.683           0.158
  1862      -1.137        0.317           -0.754           0.167
  1863      -0.495        0.361           -0.702           0.180
  1864      -0.665        0.285           -0.615           0.176
  1865      -0.449        0.264           -0.424           0.193
  1866      -0.330        0.279           -0.416           0.182
  1867      -0.180        0.337           -0.321           0.198
  1868      -0.453        0.247           -0.332           0.212
  1869      -0.191        0.292           -0.389           0.222
  1870      -0.504        0.317           -0.461           0.215
  1871      -0.618        0.296           -0.444           0.208
  1872      -0.538        0.306           -0.454           0.217
  1873      -0.369        0.236           -0.505           0.209
  1874      -0.240        0.298           -0.487           0.201
  1875      -0.758        0.258           -0.405           0.175
  1876      -0.531        0.234           -0.283           0.169
  1877      -0.128        0.192           -0.326           0.148
  1878       0.239        0.243           -0.291           0.149
  1879      -0.454        0.178           -0.253           0.150
  1880      -0.582        0.185           -0.325           0.141
  1881      -0.339        0.206           -0.489           0.145
  1882      -0.487        0.195           -0.556           0.148
  1883      -0.584        0.209           -0.565           0.152
  1884      -0.790        0.177           -0.624           0.142
  1885      -0.627        0.209           -0.659           0.138
  1886      -0.631        0.187           -0.632           0.131
  1887      -0.662        0.157           -0.526           0.128
  1888      -0.450        0.173           -0.529           0.127
  1889      -0.261        0.149           -0.516           0.116
  1890      -0.640        0.168           -0.489           0.116
  1891      -0.566        0.138           -0.506           0.120
  1892      -0.529        0.162           -0.536           0.119
  1893      -0.537        0.171           -0.490           0.119
  1894      -0.408        0.170           -0.448           0.127
  1895      -0.408        0.158           -0.395           0.124
  1896      -0.358        0.171           -0.370           0.112
  1897      -0.264        0.162           -0.320           0.112
  1898      -0.410        0.141           -0.248           0.104
  1899      -0.160        0.170           -0.187           0.103
  1900      -0.046        0.132           -0.194           0.107
  1901      -0.052        0.126           -0.186           0.102
  1902      -0.301        0.151           -0.255           0.096
  1903      -0.369        0.119           -0.317           0.107
  1904      -0.508        0.140           -0.347           0.105
  1905      -0.352        0.157           -0.411           0.102
  1906      -0.203        0.112           -0.417           0.105
  1907      -0.621        0.127           -0.398           0.111
  1908      -0.403        0.138           -0.401           0.108
  1909      -0.413        0.152           -0.445           0.111
  1910      -0.368        0.136           -0.408           0.109
  1911      -0.421        0.122           -0.388           0.107
  1912      -0.435        0.116           -0.303           0.100
  1913      -0.302        0.135           -0.236           0.097
  1914       0.009        0.117           -0.228           0.095
  1915      -0.029        0.129           -0.262           0.091
  1916      -0.382        0.108           -0.300           0.085
  1917      -0.607        0.107           -0.351           0.083
  1918      -0.489        0.106           -0.402           0.078
  1919      -0.248        0.112           -0.340           0.078
  1920      -0.284        0.112           -0.269           0.082
  1921      -0.074        0.109           -0.218           0.087
  1922      -0.249        0.119           -0.201           0.085
  1923      -0.235        0.128           -0.173           0.084
  1924      -0.165        0.099           -0.150           0.087
  1925      -0.143        0.108           -0.134           0.083
  1926       0.043        0.115           -0.099           0.080
  1927      -0.171        0.104           -0.160           0.086
  1928      -0.059        0.110           -0.148           0.090
  1929      -0.471        0.123           -0.155           0.086
  1930      -0.084        0.124           -0.122           0.087
  1931       0.011        0.100           -0.182           0.084
  1932      -0.005        0.102           -0.104           0.081
  1933      -0.361        0.099           -0.128           0.077
  1934      -0.083        0.109           -0.163           0.076
  1935      -0.203        0.101           -0.163           0.071
  1936      -0.163        0.098           -0.057           0.069
  1937      -0.007        0.093           -0.023           0.066
  1938       0.173        0.097            0.032           0.063
  1939       0.083        0.097            0.078           0.062
  1940       0.074        0.087            0.086           0.062
  1941       0.066        0.092            0.065           0.058
  1942       0.034        0.089            0.080           0.057
  1943       0.069        0.082            0.044           0.057
  1944       0.159        0.092            0.030           0.054
  1945      -0.105        0.086            0.046           0.052
  1946      -0.008        0.086            0.043           0.051
  1947       0.114        0.080           -0.010           0.048
  1948       0.055        0.077           -0.051           0.046
  1949      -0.104        0.081           -0.059           0.046
  1950      -0.312        0.070           -0.088           0.047
  1951      -0.049        0.071           -0.059           0.048
  1952      -0.029        0.080           -0.060           0.049
  1953       0.200        0.085           -0.006           0.048
  1954      -0.109        0.070           -0.073           0.040
  1955      -0.043        0.058           -0.067           0.034
  1956      -0.384        0.039           -0.089           0.028
  1957      -0.001        0.041           -0.050           0.025
  1958       0.091        0.032           -0.060           0.025
  1959       0.085        0.034            0.043           0.021
  1960      -0.090        0.060            0.056           0.023
  1961       0.128        0.025            0.076           0.019
  1962       0.068        0.042            0.004           0.012
  1963       0.189        0.030           -0.006           0.014
  1964      -0.274        0.017           -0.044           0.011
  1965      -0.142        0.018           -0.049           0.010
  1966      -0.060        0.019           -0.119           0.014
  1967       0.042        0.033           -0.078           0.017
  1968      -0.161        0.040           -0.039           0.013
  1969      -0.070        0.024           -0.037           0.010
  1970       0.056        0.026           -0.077           0.009
  1971      -0.051        0.031            0.020           0.013
  1972      -0.157        0.018           -0.001           0.020
  1973       0.321        0.022            0.011           0.020
  1974      -0.171        0.054           -0.034           0.014
  1975       0.114        0.030            0.046           0.014
  1976      -0.274        0.042           -0.002           0.015
  1977       0.242        0.033            0.051           0.022
  1978       0.078        0.042            0.100           0.034
  1979       0.094        0.022            0.261           0.032
  1980       0.358        0.090            0.220           0.035
  1981       0.535        0.036            0.288           0.033
  1982       0.035        0.043            0.283           0.039
  1983       0.418        0.038            0.221           0.022
  1984       0.071        0.017            0.162           0.018
  1985       0.047        0.035            0.234           0.013
  1986       0.240        0.013            0.270           0.007
  1987       0.395        0.017            0.320           0.009
  1988       0.597        0.025            0.436           0.014
  1989       0.323        0.050            0.505           0.018
  1990       0.626        0.028            0.469           0.023
  1991       0.584        0.026            0.402           0.026
  1992       0.216        0.034            0.424           0.019
  1993       0.261        0.033            0.447           0.017
  1994       0.435        0.026            0.415           0.017
  1995       0.739        0.028            0.487           0.019
  1996       0.426        0.018            0.618           0.018
  1997       0.575        0.024            0.664           0.020
  1998       0.915        0.029            0.633           0.022
  1999       0.666        0.029            0.707           0.024
  2000       0.584        0.033            0.785           0.026
  2001       0.794        0.027            0.783           0.024
  2002       0.965        0.034            0.793           0.025
  2003       0.907        0.023            0.896           0.023
  2004       0.714        0.035            0.923           0.023
  2005       1.099        0.024            0.955           0.022
  2006       0.927        0.023            0.939           0.022
  2007       1.126        0.028            0.981           0.022
  2008       0.830        0.027            0.980           0.020
  2009       0.921        0.034            0.978           0.022
  2010       1.094        0.029            0.928           0.023
  2011       0.918        0.027            0.960           0.025
  2012       0.874        0.035            0.968           0.026
  2013       0.990        0.034            0.994           0.031
  2014       0.962        0.033            1.097           0.032
  2015       1.227        0.037            1.183           0.032
  2016       1.429        0.037            1.214           0.036
  2017       1.306        0.035            1.290           0.037
  2018       1.145        0.052            1.345           0.036
  2019       1.345        0.048            1.307           0.035
  2020       1.499        0.036              NaN             NaN
  2021       1.240        0.038              NaN             NaN
